[gd_scene load_steps=10 format=3 uid="uid://xjxjcb6ncd10"]

[ext_resource type="Script" path="res://homing_missile.gd" id="1_sxovi"]
[ext_resource type="PackedScene" uid="uid://dufiktjib77yq" path="res://vfx_explosion.tscn" id="2_i54yj"]
[ext_resource type="Material" uid="uid://dmoi05spb10k2" path="res://art/materials/missile.material" id="3_utak5"]

[sub_resource type="SphereShape3D" id="SphereShape3D_d5hxo"]

[sub_resource type="CapsuleMesh" id="CapsuleMesh_tvf6a"]
material = ExtResource("3_utak5")
radius = 0.2
height = 1.0

[sub_resource type="BoxMesh" id="BoxMesh_slb0v"]
material = ExtResource("3_utak5")
size = Vector3(0.1, 0.4, 0.1)

[sub_resource type="SphereMesh" id="SphereMesh_5j680"]
radius = 0.1
height = 0.2

[sub_resource type="StandardMaterial3D" id="StandardMaterial3D_3yae5"]
albedo_color = Color(0, 0, 0, 1)

[sub_resource type="SphereMesh" id="SphereMesh_arivv"]
material = SubResource("StandardMaterial3D_3yae5")
radius = 0.05
height = 0.1

[node name="Homing_Missile" type="CharacterBody3D" groups=["missiles"]]
script = ExtResource("1_sxovi")
vfx_explosion = ExtResource("2_i54yj")

[node name="CollisionShape3D" type="CollisionShape3D" parent="."]
shape = SubResource("SphereShape3D_d5hxo")

[node name="VisibleOnScreenNotifier3D" type="VisibleOnScreenNotifier3D" parent="."]

[node name="Timer" type="Timer" parent="."]
wait_time = 5.0
one_shot = true

[node name="Graphic" type="Node3D" parent="."]
transform = Transform3D(-1.5, 0, -1.31134e-07, 0, 1.5, 0, 1.31134e-07, 0, -1.5, -0.00464296, -0.0133301, 0.00136627)

[node name="Body" type="MeshInstance3D" parent="Graphic"]
transform = Transform3D(1, 0, 0, 0, -4.37114e-08, -1, 0, 1, -4.37114e-08, 0, 0, 0)
mesh = SubResource("CapsuleMesh_tvf6a")

[node name="FinHolder" type="Node3D" parent="Graphic"]
transform = Transform3D(1, 0, 0, 0, 1, 0, 0, 0, 1, 0.00801766, 0.0119071, 0.445744)

[node name="Fin2" type="MeshInstance3D" parent="Graphic/FinHolder"]
transform = Transform3D(1, 0, -3.55271e-15, 0, 0.5, 0.866025, 0, -0.866025, 0.5, 0, 0.223839, -0.8)
mesh = SubResource("BoxMesh_slb0v")
skeleton = NodePath("../..")

[node name="Fin3" type="MeshInstance3D" parent="Graphic/FinHolder"]
transform = Transform3D(1, -7.10543e-15, 0, 0, -0.5, 0.866025, 0, -0.866025, -0.5, 0, -0.163371, -0.8)
mesh = SubResource("BoxMesh_slb0v")

[node name="Fin4" type="MeshInstance3D" parent="Graphic/FinHolder"]
transform = Transform3D(0.866025, 0.5, -2.18557e-08, 0, -4.37114e-08, -1, -0.5, 0.866025, -3.78552e-08, -0.248865, 0.0163593, -0.921816)
mesh = SubResource("BoxMesh_slb0v")
skeleton = NodePath("../..")

[node name="Fin5" type="MeshInstance3D" parent="Graphic/FinHolder"]
transform = Transform3D(0.866025, -0.5, 2.18557e-08, 0, -4.37114e-08, -1, 0.5, 0.866025, -3.78552e-08, 0.244511, 0.0163593, -0.921816)
mesh = SubResource("BoxMesh_slb0v")
skeleton = NodePath("../..")

[node name="Eye" type="MeshInstance3D" parent="Graphic"]
transform = Transform3D(1, 0, 0, 0, 1, 0, 0, 0, 1, -0.120325, 0.0906527, 0.292414)
mesh = SubResource("SphereMesh_5j680")

[node name="Eye2" type="MeshInstance3D" parent="Graphic"]
transform = Transform3D(1, 0, 0, 0, 1, 0, 0, 0, 1, 0.122838, 0.0872188, 0.298038)
mesh = SubResource("SphereMesh_5j680")

[node name="Pupil" type="MeshInstance3D" parent="Graphic"]
transform = Transform3D(1, 0, 0, 0, 1, 0, 0, 0, 1, 0.174997, 0.127705, 0.3056)
mesh = SubResource("SphereMesh_arivv")

[node name="Pupil2" type="MeshInstance3D" parent="Graphic"]
transform = Transform3D(1, 0, 0, 0, 1, 0, 0, 0, 1, -0.171067, 0.127705, 0.289742)
mesh = SubResource("SphereMesh_arivv")

[connection signal="screen_entered" from="VisibleOnScreenNotifier3D" to="." method="_on_visible_on_screen_notifier_3d_screen_entered"]
[connection signal="screen_exited" from="VisibleOnScreenNotifier3D" to="." method="_on_visible_on_screen_notifier_3d_screen_exited"]
[connection signal="timeout" from="Timer" to="." method="_on_timer_timeout"]
